Daily portfolio update for 2025-08-26. Here's the data:

{
  "date": "2025-08-26T15:51:46.060979",
  "account_value": 2058.493165963364,
  "initial_investment": 2000.0,
  "cash_available": 794.1549659633636,
  "total_pnl_dollar": 58.493165963363936,
  "total_pnl_percent": 2.924658298168197,
  "account_growth_percent": 2.924658298168197,
  "positions": [
    {
      "ticker": "IONS",
      "shares": 8,
      "entry_price": 42.0747621300107,
      "current_price": 42.06,
      "current_value": 336.48,
      "cost_basis": 336.5980970400856,
      "pnl_dollar": -0.11809704008555855,
      "pnl_percent": -0.03508547467263142
    },
    {
      "ticker": "QS",
      "shares": 23,
      "entry_price": 8.5,
      "current_price": 8.305,
      "current_value": 191.015,
      "cost_basis": 195.5,
      "pnl_dollar": -4.485000000000014,
      "pnl_percent": -2.2941176470588305
    },
    {
      "ticker": "AMD",
      "shares": 1,
      "entry_price": 176.78,
      "current_price": 166.4,
      "current_value": 166.4,
      "cost_basis": 176.78,
      "pnl_dollar": -10.379999999999995,
      "pnl_percent": -5.871704943998187
    },
    {
      "ticker": "NVDA",
      "shares": 2,
      "entry_price": 179.0800018310547,
      "current_price": 182.1575,
      "current_value": 364.315,
      "cost_basis": 358.1600036621094,
      "pnl_dollar": 6.154996337890623,
      "pnl_percent": 1.7185046557284742
    },
    {
      "ticker": "GOOGL",
      "shares": 1,
      "entry_price": 193.0,
      "current_price": 206.1282,
      "current_value": 206.1282,
      "cost_basis": 193.0,
      "pnl_dollar": 13.128199999999993,
      "pnl_percent": 6.802176165803105
    }
  ]
}