Daily portfolio update for 2025-08-19. Here's the data:

{
  "date": "2025-08-19T09:48:38.419654",
  "account_value": 2064.5771385097505,
  "initial_investment": 2000.0,
  "cash_available": 794.1549659633636,
  "total_pnl_dollar": 64.57713850975051,
  "total_pnl_percent": 3.2288569254875257,
  "account_growth_percent": 3.2288569254875332,
  "positions": [
    {
      "ticker": "GOOGL",
      "shares": 1,
      "entry_price": 193.0,
      "current_price": 200.98019409179688,
      "current_value": 200.98019409179688,
      "cost_basis": 193.0,
      "pnl_dollar": 7.980194091796875,
      "pnl_percent": 4.134815591604599,
      "daily_change": 4.134815591604599,
      "current_weight": 9.734690476950068,
      "target_weight": 15.316997152105547,
      "weight_drift": -5.582306675155479
    },
    {
      "ticker": "IONS",
      "shares": 8,
      "entry_price": 42.0747621300107,
      "current_price": 43.22999954223633,
      "current_value": 345.8399963378906,
      "cost_basis": 336.5980970400856,
      "pnl_dollar": 9.241899297805048,
      "pnl_percent": 2.7456778214359385,
      "daily_change": 2.7456778214359385,
      "current_weight": 16.751129802179456,
      "target_weight": 26.713326910710556,
      "weight_drift": -9.9621971085311
    },
    {
      "ticker": "NVDA",
      "shares": 2,
      "entry_price": 179.0800018310547,
      "current_price": 179.64349365234375,
      "current_value": 359.2869873046875,
      "cost_basis": 358.1600036621094,
      "pnl_dollar": 1.126983642578125,
      "pnl_percent": 0.31465926710267994,
      "daily_change": 0.31465926710267994,
      "current_weight": 17.40244917969146,
      "target_weight": 28.424537596324566,
      "weight_drift": -11.022088416633107
    },
    {
      "ticker": "QS",
      "shares": 23,
      "entry_price": 8.5,
      "current_price": 8.444999694824219,
      "current_value": 194.23499298095703,
      "cost_basis": 195.5,
      "pnl_dollar": -1.2650070190429688,
      "pnl_percent": -0.6470624138327206,
      "daily_change": -0.6470624138327206,
      "current_weight": 9.40797945293337,
      "target_weight": 15.515403850967017,
      "weight_drift": -6.107424398033647
    },
    {
      "ticker": "AMD",
      "shares": 1,
      "entry_price": 176.78,
      "current_price": 170.0800018310547,
      "current_value": 170.0800018310547,
      "cost_basis": 176.78,
      "pnl_dollar": -6.699998168945314,
      "pnl_percent": -3.7900204598627183,
      "daily_change": -3.7900204598627183,
      "current_weight": 8.238006643521276,
      "target_weight": 14.029734489892324,
      "weight_drift": -5.791727846371048
    }
  ],
  "alerts": [],
  "volume_alerts": [],
  "rebalancing_alerts": [
    "GOOGL: -5.6% drift",
    "IONS: -10.0% drift",
    "NVDA: -11.0% drift",
    "QS: -6.1% drift",
    "AMD: -5.8% drift"
  ],
  "benchmarks": {
    "SPY": 642.4000244140625,
    "IWM": 227.9600067138672,
    "VIX": 15.109999656677246
  },
  "portfolio_metrics": {
    "total_positions": 5,
    "positions_profitable": 3,
    "largest_position_weight": 17.40244917969146,
    "concentration_risk": 34.153578981870915
  }
}

Key questions:
- Any positions need rebalancing?
- Should I take profits/cut losses?
- Any new catalysts or news affecting holdings?
- Market outlook for tomorrow/this week?

Additional context:
- Portfolio total investment: $1,260.04
- Cash available: $794.15
- Investment timeframe: August 5, 2025 to July 30, 2026
- Strategy: Catalyst-driven momentum with concentrated positions

Please provide analysis and trading recommendations based on this data.