Daily portfolio update for 2025-08-15. Here's the data:

{
  "date": "2025-08-15T14:47:57.800110",
  "account_value": 2095.0799632930757,
  "initial_investment": 2000.0,
  "cash_available": 794.1549659633636,
  "total_pnl_dollar": 95.0799632930757,
  "total_pnl_percent": 4.753998164653785,
  "account_growth_percent": 4.753998164653783,
  "positions": [
    {
      "ticker": "QS",
      "shares": 23,
      "entry_price": 8.5,
      "current_price": 9.135000228881836,
      "current_value": 210.10500526428223,
      "cost_basis": 195.5,
      "pnl_dollar": 14.605005264282227,
      "pnl_percent": 7.470590928021599,
      "daily_change": 7.470590928021599,
      "current_weight": 10.02849575889391,
      "target_weight": 15.515403850967017,
      "weight_drift": -5.486908092073106
    },
    {
      "ticker": "GOOGL",
      "shares": 1,
      "entry_price": 193.0,
      "current_price": 205.52499389648438,
      "current_value": 205.52499389648438,
      "cost_basis": 193.0,
      "pnl_dollar": 12.524993896484375,
      "pnl_percent": 6.489634143256152,
      "daily_change": 6.489634143256152,
      "current_weight": 9.809887808455642,
      "target_weight": 15.316997152105547,
      "weight_drift": -5.507109343649905
    },
    {
      "ticker": "IONS",
      "shares": 8,
      "entry_price": 42.0747621300107,
      "current_price": 43.540000915527344,
      "current_value": 348.32000732421875,
      "cost_basis": 336.5980970400856,
      "pnl_dollar": 11.721910284133173,
      "pnl_percent": 3.482464811064338,
      "daily_change": 3.482464811064338,
      "current_weight": 16.625618755702504,
      "target_weight": 26.713326910710556,
      "weight_drift": -10.087708155008052
    },
    {
      "ticker": "NVDA",
      "shares": 2,
      "entry_price": 179.0800018310547,
      "current_price": 179.85499572753906,
      "current_value": 359.7099914550781,
      "cost_basis": 358.1600036621094,
      "pnl_dollar": 1.54998779296875,
      "pnl_percent": 0.43276406553508395,
      "daily_change": 0.43276406553508395,
      "current_weight": 17.169272665358363,
      "target_weight": 28.424537596324566,
      "weight_drift": -11.255264930966202
    },
    {
      "ticker": "AMD",
      "shares": 1,
      "entry_price": 176.78,
      "current_price": 177.26499938964844,
      "current_value": 177.26499938964844,
      "cost_basis": 176.78,
      "pnl_dollar": 0.48499938964843636,
      "pnl_percent": 0.27435195703611065,
      "daily_change": 0.27435195703611065,
      "current_weight": 8.461013541030713,
      "target_weight": 14.029734489892324,
      "weight_drift": -5.5687209488616105
    }
  ],
  "alerts": [],
  "volume_alerts": [],
  "rebalancing_alerts": [
    "QS: -5.5% drift",
    "GOOGL: -5.5% drift",
    "IONS: -10.1% drift",
    "NVDA: -11.3% drift",
    "AMD: -5.6% drift"
  ],
  "benchmarks": {
    "SPY": 644.1799926757812,
    "IWM": 227.3800048828125,
    "VIX": 14.880000114440918
  },
  "portfolio_metrics": {
    "total_positions": 5,
    "positions_profitable": 5,
    "largest_position_weight": 17.169272665358363,
    "concentration_risk": 33.79489142106087
  }
}

Key questions:
- Any positions need rebalancing?
- Should I take profits/cut losses?
- Any new catalysts or news affecting holdings?
- Market outlook for tomorrow/this week?

Additional context:
- Portfolio total investment: $1,260.04
- Cash available: $794.15
- Investment timeframe: August 5, 2025 to July 30, 2026
- Strategy: Catalyst-driven momentum with concentrated positions

Please provide analysis and trading recommendations based on this data.